========================================
  mono_tum_neon - NEON Optimized Version
  Using NEON-optimized Dense LLT Solver
========================================


ORB-SLAM3 Copyright (C) 2017-2020 Carlos Campos, Richard Elvira, Juan J. Gómez, José M.M. Montiel and Juan D. Tardós, University of Zaragoza.
ORB-SLAM2 Copyright (C) 2014-2016 Raúl Mur-Artal, José M.M. Montiel and Juan D. Tardós, University of Zaragoza.
This program comes with ABSOLUTELY NO WARRANTY;
This is free software, and you are welcome to redistribute it
under certain conditions. See LICENSE.txt.

Input sensor was set to: Monocular
Loading settings from ./myvideo/redmi.yaml
	-Loaded camera 1
Camera.newHeight optional parameter does not exist...
Camera.newWidth optional parameter does not exist...
	-Loaded image info
	-Loaded ORB settings
Viewer.imageViewScale optional parameter does not exist...
	-Loaded viewer settings
System.LoadAtlasFromFile optional parameter does not exist...
System.SaveAtlasToFile optional parameter does not exist...
	-Loaded Atlas settings
System.thFarPoints optional parameter does not exist...
	-Loaded misc parameters
----------------------------------
SLAM settings: 
	-Camera 1 parameters (Pinhole): [ 1034.6 774.7 637.2 382.95 ]
	-Camera 1 distortion parameters: [  0 0 0 0 0 ]
	-Original image size: [ 1280 , 720 ]
	-Current image size: [ 1280 , 720 ]
	-Sequence FPS: 30
	-Features per image: 1000
	-ORB scale factor: 1.2
	-ORB number of scales: 8
	-Initial FAST threshold: 20
	-Min FAST threshold: 7


Loading ORB Vocabulary. This could take a while...
Vocabulary loaded!

Initialization of Atlas from scratch 
Creation of new map with id: 0
Creation of new map with last KF id: 0
Seq. Name: 
There are 1 cameras in the atlas
Camera 0 is pinhole

-------
Start processing sequence ...
Images in the sequence: 552

libEGL warning: DRI2: failed to authenticate
[Track] new frame id = 0
[Track] new frame id = 1
[Track] new frame id = 2
[Track] new frame id = 3
Starting the Viewer
[Track] new frame id = 4
[Track] new frame id = 5
First KF:0; Map init KF:0
New Map created with 233 points
[Track] new frame id = 6
[Pose after PnP]
   0.999981 -0.00160983  0.00593328   0.0105645
 0.00164612     0.99998 -0.00611709   0.0187698
-0.00592332  0.00612674    0.999964  -0.0243444
          0           0           0           1
[Pose after PnP]
    0.999979 -0.000994451   0.00634621    0.0101752
  0.00103237     0.999982  -0.00597433    0.0187509
 -0.00634015   0.00598076     0.999962   -0.0243594
           0            0            0            1
[Pose after local map]
    0.999979 -0.000994451   0.00634621    0.0101752
  0.00103237     0.999982  -0.00597433    0.0187509
 -0.00634015   0.00598076     0.999962   -0.0243594
           0            0            0            1
[LocalBA] Using NEON-optimized Dense Solver (matrix size: 0)
[lyh::CholeskyLLT] Initialized with NEON SIMD support
[LinearSolverDenseNEON] Initialized with NEON optimization!
[Track] new frame id = 7
[Pose after PnP]
    0.999979 -0.000295392   0.00644307   0.00996551
 0.000333528     0.999982  -0.00591869     0.018559
 -0.00644121   0.00592071     0.999962   -0.0239989
           0            0            0            1
[Pose after motion model]
    0.999979 -0.000295392   0.00644307   0.00996551
 0.000333528     0.999982  -0.00591869     0.018559
 -0.00644121   0.00592071     0.999962   -0.0239989
           0            0            0            1
[Pose after PnP]
    0.999979 -0.000227807   0.00640197    0.0100387
 0.000264741     0.999983  -0.00576902    0.0183828
 -0.00640055   0.00577059     0.999963   -0.0240342
           0            0            0            1
[Pose after local map]
    0.999979 -0.000227807   0.00640197    0.0100387
 0.000264741     0.999983  -0.00576902    0.0183828
 -0.00640055   0.00577059     0.999963   -0.0240342
           0            0            0            1
[Track] new frame id = 8
[Pose after PnP]
   0.999966  0.00156265  0.00807455   0.0101814
-0.00154274    0.999996 -0.00247214   0.0165457
-0.00807838   0.0024596    0.999964  -0.0290756
          0           0           0           1
[Pose after motion model]
   0.999966  0.00156265  0.00807455   0.0101814
-0.00154274    0.999996 -0.00247214   0.0165457
-0.00807838   0.0024596    0.999964  -0.0290756
          0           0           0           1
[Pose after PnP]
   0.999966  0.00160725  0.00808267   0.0101851
-0.00158731    0.999996 -0.00247271   0.0165366
-0.00808661   0.0024598    0.999964  -0.0291068
          0           0           0           1
[Pose after local map]
   0.999966  0.00160725  0.00808267   0.0101851
-0.00158731    0.999996 -0.00247271   0.0165366
-0.00808661   0.0024598    0.999964  -0.0291068
          0           0           0           1
[Track] new frame id = 9
[Pose after PnP]
     0.99997  0.000732283   0.00766187    0.0118959
-0.000678211     0.999975   -0.0070575    0.0218115
 -0.00766685   0.00705209     0.999946   -0.0343345
           0            0            0            1
[Pose after motion model]
     0.99997  0.000732283   0.00766187    0.0118959
-0.000678211     0.999975   -0.0070575    0.0218115
 -0.00766685   0.00705209     0.999946   -0.0343345
           0            0            0            1
[Pose after PnP]
    0.999971  0.000646313   0.00760028     0.011938
-0.000593206     0.999975  -0.00698767    0.0217518
 -0.00760461   0.00698295     0.999947   -0.0343312
           0            0            0            1
[Pose after local map]
    0.999971  0.000646313   0.00760028     0.011938
-0.000593206     0.999975  -0.00698767    0.0217518
 -0.00760461   0.00698295     0.999947   -0.0343312
           0            0            0            1
[Track] new frame id = 10
[Pose after PnP]
    0.999967  0.000956924   0.00804085    0.0125902
-0.000890189     0.999965  -0.00829903    0.0240684
 -0.00804851    0.0082916     0.999933    -0.038877
           0            0            0            1
[Pose after motion model]
    0.999967  0.000956924   0.00804085    0.0125902
-0.000890189     0.999965  -0.00829903    0.0240684
 -0.00804851    0.0082916     0.999933    -0.038877
           0            0            0            1
[Pose after PnP]
    0.999967  0.000961161   0.00813065    0.0125322
-0.000894085     0.999966  -0.00824949     0.024064
  -0.0081383   0.00824194     0.999933   -0.0389025
           0            0            0            1
[Pose after local map]
    0.999967  0.000961161   0.00813065    0.0125322
-0.000894085     0.999966  -0.00824949     0.024064
  -0.0081383   0.00824194     0.999933   -0.0389025
           0            0            0            1
[Track] new frame id = 11
[Pose after PnP]
    0.999959  0.000920402   0.00897109    0.0125235
-0.000838034     0.999958  -0.00918083    0.0260486
 -0.00897916   0.00917294     0.999918   -0.0432506
           0            0            0            1
[Pose after motion model]
    0.999959  0.000920402   0.00897109    0.0125235
-0.000838034     0.999958  -0.00918083    0.0260486
 -0.00897916   0.00917294     0.999918   -0.0432506
           0            0            0            1
[Pose after PnP]
     0.99996  0.000913032   0.00890379    0.0125481
-0.000830657     0.999957  -0.00925104    0.0261206
 -0.00891186   0.00924328     0.999918   -0.0430986
           0            0            0            1
[Pose after local map]
     0.99996  0.000913032   0.00890379    0.0125481
-0.000830657     0.999957  -0.00925104    0.0261206
 -0.00891186   0.00924328     0.999918   -0.0430986
           0            0            0            1
[Track] new frame id = 12
[Pose after PnP]
   0.999952  0.00151479  0.00969251   0.0124438
-0.00141587    0.999947  -0.0102047   0.0280758
-0.00970745   0.0101905    0.999901  -0.0477252
          0           0           0           1
[Pose after motion model]
   0.999952  0.00151479  0.00969251   0.0124438
-0.00141587    0.999947  -0.0102047   0.0280758
-0.00970745   0.0101905    0.999901  -0.0477252
          0           0           0           1
[Pose after PnP]
   0.999953  0.00180705  0.00955412   0.0126066
-0.00170953    0.999946  -0.0102059   0.0280897
-0.00957205   0.0101891    0.999902  -0.0477384
          0           0           0           1
[Pose after local map]
   0.999953  0.00180705  0.00955412   0.0126066
-0.00170953    0.999946  -0.0102059   0.0280897
-0.00957205   0.0101891    0.999902  -0.0477384
          0           0           0           1
[Track] new frame id = 13
[Pose after PnP]
   0.999949    0.001845  0.00994924   0.0123146
-0.00173064    0.999932  -0.0114906   0.0306267
-0.00996977   0.0114728    0.999884   -0.051759
          0           0           0           1
[Pose after motion model]
   0.999949    0.001845  0.00994924   0.0123146
-0.00173064    0.999932  -0.0114906   0.0306267
-0.00996977   0.0114728    0.999884   -0.051759
          0           0           0           1
[Pose after PnP]
   0.999949  0.00193693  0.00996143   0.0122921
-0.00182143    0.999931  -0.0115911    0.030692
 -0.0099832   0.0115724    0.999883  -0.0517149
          0           0           0           1
[Pose after local map]
   0.999949  0.00193693  0.00996143   0.0122921
-0.00182143    0.999931  -0.0115911    0.030692
 -0.0099832   0.0115724    0.999883  -0.0517149
          0           0           0           1
[Track] new frame id = 14
[Pose after PnP]
   0.999949  0.00170702   0.0100011   0.0121883
-0.00158196    0.999921  -0.0124995   0.0331063
 -0.0100217    0.012483    0.999872  -0.0552035
          0           0           0           1
[Pose after motion model]
   0.999949  0.00170702   0.0100011   0.0121883
-0.00158196    0.999921  -0.0124995   0.0331063
 -0.0100217    0.012483    0.999872  -0.0552035
          0           0           0           1
[Pose after PnP]
   0.999947  0.00172206    0.010174   0.0119986
-0.00159496    0.999921  -0.0124879   0.0330713
 -0.0101947    0.012471     0.99987  -0.0551891
          0           0           0           1
[Pose after local map]
   0.999947  0.00172206    0.010174   0.0119986
-0.00159496    0.999921  -0.0124879   0.0330713
 -0.0101947    0.012471     0.99987  -0.0551891
          0           0           0           1
[Track] new frame id = 15
[Pose after PnP]
   0.999945  0.00202666   0.0102932   0.0116487
-0.00188468    0.999903  -0.0137846   0.0355206
 -0.0103201   0.0137644    0.999852  -0.0571837
          0           0           0           1
[Pose after motion model]
   0.999945  0.00202666   0.0102932   0.0116487
-0.00188468    0.999903  -0.0137846   0.0355206
 -0.0103201   0.0137644    0.999852  -0.0571837
          0           0           0           1
[Pose after PnP]
   0.999947  0.00194961   0.0101125   0.0118025
-0.00180918    0.999902  -0.0138777   0.0355956
 -0.0101385   0.0138587    0.999853  -0.0572094
          0           0           0           1
[Pose after local map]
   0.999947  0.00194961   0.0101125   0.0118025
-0.00180918    0.999902  -0.0138777   0.0355956
 -0.0101385   0.0138587    0.999853  -0.0572094
          0           0           0           1
[Track] new frame id = 16
[Pose after PnP]
   0.999949   0.0023257  0.00987525   0.0110917
-0.00217839    0.999887  -0.0149017   0.0381646
-0.00990878   0.0148794     0.99984  -0.0611642
          0           0           0           1
[Pose after motion model]
   0.999949   0.0023257  0.00987525   0.0110917
-0.00217839    0.999887  -0.0149017   0.0381646
-0.00990878   0.0148794     0.99984  -0.0611642
          0           0           0           1
[Pose after PnP]
   0.999947  0.00236878   0.0100431   0.0109408
-0.00221762    0.999884  -0.0150355    0.038317
 -0.0100776   0.0150124    0.999837  -0.0610322
          0           0           0           1
[Pose after local map]
   0.999947  0.00236878   0.0100431   0.0109408
-0.00221762    0.999884  -0.0150355    0.038317
 -0.0100776   0.0150124    0.999837  -0.0610322
          0           0           0           1
[Track] new frame id = 17
[Pose after PnP]
   0.999948  0.00274432  0.00983649   0.0109502
-0.00258888    0.999872  -0.0157804   0.0390019
-0.00987854   0.0157541    0.999827  -0.0628014
          0           0           0           1
[Pose after motion model]
   0.999948  0.00274432  0.00983649   0.0109502
-0.00258888    0.999872  -0.0157804   0.0390019
-0.00987854   0.0157541    0.999827  -0.0628014
          0           0           0           1
[Pose after PnP]
   0.999946  0.00282174   0.0100019   0.0107788
-0.00266085    0.999867  -0.0160634   0.0393145
 -0.0100459   0.0160359    0.999821  -0.0628558
          0           0           0           1
[Pose after local map]
   0.999946  0.00282174   0.0100019   0.0107788
-0.00266085    0.999867  -0.0160634   0.0393145
 -0.0100459   0.0160359    0.999821  -0.0628558
          0           0           0           1
[Track] new frame id = 18
[Pose after PnP]
   0.999946  0.00278399  0.00998802   0.0108266
-0.00262639    0.999872  -0.0157572   0.0390609
 -0.0100306   0.0157301    0.999826  -0.0629515
          0           0           0           1
[Pose after motion model]
   0.999946  0.00278399  0.00998802   0.0108266
-0.00262639    0.999872  -0.0157572   0.0390609
 -0.0100306   0.0157301    0.999826  -0.0629515
          0           0           0           1
[Pose after PnP]
   0.999946  0.00279584  0.00997849   0.0108067
-0.00263492    0.999867  -0.0161033   0.0394285
 -0.0100222   0.0160762    0.999821  -0.0629827
          0           0           0           1
[Pose after local map]
   0.999946  0.00279584  0.00997849   0.0108067
-0.00263492    0.999867  -0.0161033   0.0394285
 -0.0100222   0.0160762    0.999821  -0.0629827
          0           0           0           1
[Track] new frame id = 19
[Pose after PnP]
   0.999944  0.00300338    0.010102   0.0103275
-0.00283168    0.999852  -0.0169672   0.0398419
 -0.0101515   0.0169377    0.999805  -0.0633881
          0           0           0           1
[Pose after motion model]
   0.999944  0.00300338    0.010102   0.0103275
-0.00283168    0.999852  -0.0169672   0.0398419
 -0.0101515   0.0169377    0.999805  -0.0633881
          0           0           0           1
[Pose after PnP]
   0.999945  0.00285871   0.0100926    0.010341
-0.00268845    0.999855  -0.0168438   0.0396947
 -0.0101393   0.0168158    0.999807  -0.0632128
          0           0           0           1
[Pose after local map]
   0.999945  0.00285871   0.0100926    0.010341
-0.00268845    0.999855  -0.0168438   0.0396947
 -0.0101393   0.0168158    0.999807  -0.0632128
          0           0           0           1
[Track] new frame id = 20
[Pose after PnP]
   0.999951   0.0029713  0.00948228   0.0104463
-0.00280461    0.999842  -0.0175448   0.0397253
-0.00953291   0.0175174    0.999801  -0.0644543
          0           0           0           1
[Pose after motion model]
   0.999951   0.0029713  0.00948228   0.0104463
-0.00280461    0.999842  -0.0175448   0.0397253
-0.00953291   0.0175174    0.999801  -0.0644543
          0           0           0           1
[Pose after PnP]
   0.999951  0.00296853   0.0094764   0.0104828
-0.00280389    0.999846  -0.0173398   0.0394847
-0.00952642   0.0173124    0.999805  -0.0643667
          0           0           0           1
[Pose after local map]
   0.999951  0.00296853   0.0094764   0.0104828
-0.00280389    0.999846  -0.0173398   0.0394847
-0.00952642   0.0173124    0.999805  -0.0643667
          0           0           0           1
[LocalBA] Using NEON-optimized Dense Solver (matrix size: 0)
[LinearSolverDenseNEON] Initialized with NEON optimization!
[Track] new frame id = 21
[Pose after PnP]
   0.999954  0.00407889  0.00862702   0.0107001
-0.00391426    0.999812  -0.0190154   0.0403448
-0.00870295   0.0189808    0.999782  -0.0644442
          0           0           0           1
[Pose after motion model]
   0.999954  0.00407889  0.00862702   0.0107001
-0.00391426    0.999812  -0.0190154   0.0403448
-0.00870295   0.0189808    0.999782  -0.0644442
          0           0           0           1
[Pose after PnP]
   0.999954  0.00401835   0.0086531   0.0106816
-0.00384989    0.999804  -0.0193978    0.040705
-0.00872935   0.0193636    0.999774  -0.0643897
          0           0           0           1
[Pose after local map]
   0.999954  0.00401835   0.0086531   0.0106816
-0.00384989    0.999804  -0.0193978    0.040705
-0.00872935   0.0193636    0.999774  -0.0643897
          0           0           0           1
[Track] new frame id = 22
[Pose after PnP]
   0.999957  0.00414695  0.00831755   0.0106888
-0.00397696    0.999785   -0.020351   0.0405021
-0.00840015    0.020317    0.999758  -0.0639151
          0           0           0           1
[Pose after motion model]
   0.999957  0.00414695  0.00831755   0.0106888
-0.00397696    0.999785   -0.020351   0.0405021
-0.00840015    0.020317    0.999758  -0.0639151
          0           0           0           1
[Pose after PnP]
   0.999957  0.00410159  0.00833375   0.0106497
-0.00393195    0.999787  -0.0202719   0.0404352
-0.00841512   0.0202382     0.99976  -0.0639772
          0           0           0           1
[Pose after local map]
   0.999957  0.00410159  0.00833375   0.0106497
-0.00393195    0.999787  -0.0202719   0.0404352
-0.00841512   0.0202382     0.99976  -0.0639772
          0           0           0           1
[Track] new frame id = 23
[Pose after PnP]
   0.999958  0.00473509  0.00788786   0.0106883
-0.00456579    0.999762  -0.0213449   0.0400329
-0.00798705    0.021308    0.999741  -0.0638675
          0           0           0           1
[Pose after motion model]
   0.999958  0.00473509  0.00788786   0.0106883
-0.00456579    0.999762  -0.0213449   0.0400329
-0.00798705    0.021308    0.999741  -0.0638675
          0           0           0           1
[Pose after PnP]
   0.999958  0.00472697  0.00787103   0.0107129
-0.00455914    0.999765  -0.0212057   0.0398962
-0.00796942   0.0211689    0.999744  -0.0638523
          0           0           0           1
[Pose after local map]
   0.999958  0.00472697  0.00787103   0.0107129
-0.00455914    0.999765  -0.0212057   0.0398962
-0.00796942   0.0211689    0.999744  -0.0638523
          0           0           0           1
[Track] new frame id = 24
[Pose after PnP]
   0.999958  0.00514694  0.00755421   0.0107262
-0.00498034    0.999748  -0.0219093   0.0395357
-0.00766507   0.0218708    0.999731  -0.0634288
          0           0           0           1
[Pose after motion model]
   0.999958  0.00514694  0.00755421   0.0107262
-0.00498034    0.999748  -0.0219093   0.0395357
-0.00766507   0.0218708    0.999731  -0.0634288
          0           0           0           1
[Pose after PnP]
   0.999958  0.00512167  0.00756738   0.0106879
-0.00495475    0.999748  -0.0219139   0.0395031
-0.00767771   0.0218755    0.999731  -0.0633793
          0           0           0           1
[Pose after local map]
   0.999958  0.00512167  0.00756738   0.0106879
-0.00495475    0.999748  -0.0219139   0.0395031
-0.00767771   0.0218755    0.999731  -0.0633793
          0           0           0           1
[Track] new frame id = 25
[Pose after PnP]
   0.999959  0.00562259  0.00704933   0.0108679
 -0.0054644    0.999737  -0.0222637   0.0386712
-0.00717265   0.0222243    0.999727  -0.0629895
          0           0           0           1
[Pose after motion model]
   0.999959  0.00562259  0.00704933   0.0108679
 -0.0054644    0.999737  -0.0222637   0.0386712
-0.00717265   0.0222243    0.999727  -0.0629895
          0           0           0           1
[Pose after PnP]
   0.999961  0.00546009  0.00698029   0.0109136
-0.00530409     0.99974  -0.0221746   0.0385845
-0.00709955   0.0221367     0.99973  -0.0630115
          0           0           0           1
[Pose after local map]
   0.999961  0.00546009  0.00698029   0.0109136
-0.00530409     0.99974  -0.0221746   0.0385845
-0.00709955   0.0221367     0.99973  -0.0630115
          0           0           0           1
[Track] new frame id = 26
[Pose after PnP]
    0.99996  0.00587326  0.00674548    0.010755
 -0.0057162    0.999717  -0.0230727   0.0382752
-0.00687909   0.0230332    0.999711  -0.0626825
          0           0           0           1
[Pose after motion model]
    0.99996  0.00587326  0.00674548    0.010755
 -0.0057162    0.999717  -0.0230727   0.0382752
-0.00687909   0.0230332    0.999711  -0.0626825
          0           0           0           1
[Pose after PnP]
    0.99996    0.005879  0.00679403   0.0107233
-0.00572109    0.999718  -0.0230331   0.0382419
-0.00692753   0.0229933    0.999712  -0.0627074
          0           0           0           1
[Pose after local map]
    0.99996    0.005879  0.00679403   0.0107233
-0.00572109    0.999718  -0.0230331   0.0382419
-0.00692753   0.0229933    0.999712  -0.0627074
          0           0           0           1
[Track] new frame id = 27
[Pose after PnP]
   0.999962  0.00619063  0.00615057    0.010652
-0.00604161    0.999695  -0.0239576    0.038364
  -0.006297   0.0239195    0.999694  -0.0607585
          0           0           0           1
[Pose after motion model]
   0.999962  0.00619063  0.00615057    0.010652
-0.00604161    0.999695  -0.0239576    0.038364
  -0.006297   0.0239195    0.999694  -0.0607585
          0           0           0           1
[Pose after PnP]
   0.999963  0.00611788  0.00605333   0.0107165
-0.00597165    0.999697  -0.0238867   0.0383034
-0.00619763   0.0238497    0.999696  -0.0608491
          0           0           0           1
[Pose after local map]
   0.999963  0.00611788  0.00605333   0.0107165
-0.00597165    0.999697  -0.0238867   0.0383034
-0.00619763   0.0238497    0.999696  -0.0608491
          0           0           0           1
[Track] new frame id = 28
[Pose after PnP]
   0.999963  0.00649432   0.0057132   0.0103671
-0.00635553    0.999692  -0.0239841   0.0376709
 -0.0058672   0.0239469    0.999696  -0.0589774
          0           0           0           1
[Pose after motion model]
   0.999963  0.00649432   0.0057132   0.0103671
-0.00635553    0.999692  -0.0239841   0.0376709
 -0.0058672   0.0239469    0.999696  -0.0589774
          0           0           0           1
[Pose after PnP]
   0.999964  0.00643475  0.00560201   0.0104661
-0.00629874    0.999693   -0.023968   0.0376757
-0.00575452   0.0239319    0.999697  -0.0590453
          0           0           0           1
[Pose after local map]
   0.999964  0.00643475  0.00560201   0.0104661
-0.00629874    0.999693   -0.023968   0.0376757
-0.00575452   0.0239319    0.999697  -0.0590453
          0           0           0           1
[Track] new frame id = 29
[Pose after PnP]
   0.999965  0.00696771  0.00454109   0.0106894
-0.00685072    0.999657  -0.0252882    0.038574
-0.00471573   0.0252562     0.99967  -0.0581096
          0           0           0           1
[Pose after motion model]
   0.999965  0.00696771  0.00454109   0.0106894
-0.00685072    0.999657  -0.0252882    0.038574
-0.00471573   0.0252562     0.99967  -0.0581096
          0           0           0           1
[Pose after PnP]
   0.999965  0.00705081  0.00450042   0.0107204
-0.00693423    0.999653  -0.0254143   0.0386554
-0.00467805   0.0253822    0.999667  -0.0580771
          0           0           0           1
[Pose after local map]
   0.999965  0.00705081  0.00450042   0.0107204
-0.00693423    0.999653  -0.0254143   0.0386554
-0.00467805   0.0253822    0.999667  -0.0580771
          0           0           0           1
[Track] new frame id = 30
[Pose after PnP]
   0.999968  0.00721815  0.00348851    0.010833
-0.00712709    0.999651   -0.025446   0.0386143
-0.00367097   0.0254203     0.99967  -0.0567768
          0           0           0           1
[Pose after motion model]
   0.999968  0.00721815  0.00348851    0.010833
-0.00712709    0.999651   -0.025446   0.0386143
-0.00367097   0.0254203     0.99967  -0.0567768
          0           0           0           1
[Pose after PnP]
   0.999969  0.00717001   0.0032663   0.0110343
-0.00708528    0.999656  -0.0252538   0.0384554
-0.00344625   0.0252299    0.999676  -0.0568085
          0           0           0           1
[Pose after local map]
   0.999969  0.00717001   0.0032663   0.0110343
-0.00708528    0.999656  -0.0252538   0.0384554
-0.00344625   0.0252299    0.999676  -0.0568085
          0           0           0           1
[Track] new frame id = 31
[Pose after PnP]
   0.999965  0.00796328  0.00262747    0.010715
-0.00789476    0.999653  -0.0251328   0.0379835
 -0.0028267   0.0251112    0.999681  -0.0552776
          0           0           0           1
[Pose after motion model]
   0.999965  0.00796328  0.00262747    0.010715
-0.00789476    0.999653  -0.0251328   0.0379835
 -0.0028267   0.0251112    0.999681  -0.0552776
          0           0           0           1
[Pose after PnP]
   0.999964  0.00802453  0.00268544   0.0106795
-0.00795462    0.999653  -0.0251008   0.0379397
-0.00288593   0.0250786    0.999681  -0.0552325
          0           0           0           1
[Pose after local map]
   0.999964  0.00802453  0.00268544   0.0106795
-0.00795462    0.999653  -0.0251008   0.0379397
-0.00288593   0.0250786    0.999681  -0.0552325
          0           0           0           1
[Track] new frame id = 32
[Pose after PnP]
   0.999962  0.00834646  0.00251075  0.00995146
-0.00827691    0.999613  -0.0265411   0.0391443
 -0.0027313   0.0265193    0.999645  -0.0531089
          0           0           0           1
[Pose after motion model]
   0.999962  0.00834646  0.00251075  0.00995146
-0.00827691    0.999613  -0.0265411   0.0391443
 -0.0027313   0.0265193    0.999645  -0.0531089
          0           0           0           1
[Pose after PnP]
   0.999963   0.0082415  0.00238871   0.0100527
-0.00817514    0.999613  -0.0265738   0.0391558
 -0.0026068   0.0265533    0.999644  -0.0530249
          0           0           0           1
[Pose after local map]
   0.999963   0.0082415  0.00238871   0.0100527
-0.00817514    0.999613  -0.0265738   0.0391558
 -0.0026068   0.0265533    0.999644  -0.0530249
          0           0           0           1
[LocalBA] Using NEON-optimized Dense Solver (matrix size: 0)
[LinearSolverDenseNEON] Initialized with NEON optimization!
[Track] new frame id = 33
[Pose after PnP]
   0.999962  0.00859655  0.00118771  0.00988929
-0.00856201    0.999611  -0.0265363   0.0389441
-0.00141537   0.0265252    0.999647  -0.0487172
          0           0           0           1
[Pose after motion model]
   0.999962  0.00859655  0.00118771  0.00988929
-0.00856201    0.999611  -0.0265363   0.0389441
-0.00141537   0.0265252    0.999647  -0.0487172
          0           0           0           1
[Pose after PnP]
   0.999963  0.00847599  0.00135605  0.00976714
 -0.0084368    0.999608  -0.0266811   0.0391445
-0.00158167   0.0266686    0.999643   -0.048495
          0           0           0           1
[Pose after local map]
   0.999963  0.00847599  0.00135605  0.00976714
 -0.0084368    0.999608  -0.0266811   0.0391445
-0.00158167   0.0266686    0.999643   -0.048495
          0           0           0           1
[Track] new frame id = 34
[Pose after PnP]
    0.999962   0.00874054 -6.57224e-05    0.0100197
 -0.00873911     0.999593   -0.0271446    0.0396408
-0.000171563    0.0271441     0.999632   -0.0464467
           0            0            0            1
[Pose after motion model]
    0.999962   0.00874054 -6.57224e-05    0.0100197
 -0.00873911     0.999593   -0.0271446    0.0396408
-0.000171563    0.0271441     0.999632   -0.0464467
           0            0            0            1
[Pose after PnP]
    0.999961   0.00877879  0.000111778    0.0098708
  -0.0087725     0.999591   -0.0272206    0.0396524
-0.000350696    0.0272186     0.999629   -0.0463733
           0            0            0            1
[Pose after local map]
    0.999961   0.00877879  0.000111778    0.0098708
  -0.0087725     0.999591   -0.0272206    0.0396524
-0.000350696    0.0272186     0.999629   -0.0463733
           0            0            0            1
[LocalBA] Using NEON-optimized Dense Solver (matrix size: 0)
[LinearSolverDenseNEON] Initialized with NEON optimization!
[Track] new frame id = 35
[Pose after PnP]
   0.999953  0.00955213 -0.00146173    0.010294
-0.00958875    0.999575  -0.0275231   0.0401361
 0.00119821   0.0275358     0.99962  -0.0448507
          0           0           0           1
[Pose after motion model]
   0.999953  0.00955213 -0.00146173    0.010294
-0.00958875    0.999575  -0.0275231   0.0401361
 0.00119821   0.0275358     0.99962  -0.0448507
          0           0           0           1
[Pose after PnP]
   0.999952  0.00967613 -0.00161526   0.0103971
-0.00971686    0.999575  -0.0274684   0.0400512
 0.00134878   0.0274828    0.999621  -0.0447749
          0           0           0           1
[Pose after local map]
   0.999952  0.00967613 -0.00161526   0.0103971
-0.00971686    0.999575  -0.0274684   0.0400512
 0.00134878   0.0274828    0.999621  -0.0447749
          0           0           0           1
[Track] new frame id = 36
[Pose after PnP]
   0.999939   0.0100682 -0.00457591   0.0104886
 -0.0101901    0.999571  -0.0274525   0.0417457
 0.00429756   0.0274974    0.999613  -0.0387975
          0           0           0           1
[Pose after motion model]
   0.999939   0.0100682 -0.00457591   0.0104886
 -0.0101901    0.999571  -0.0274525   0.0417457
 0.00429756   0.0274974    0.999613  -0.0387975
          0           0           0           1
[Pose after PnP]
   0.999936   0.0102635 -0.00475078   0.0106404
 -0.0103891    0.999575  -0.0272191   0.0414626
  0.0044694   0.0272667    0.999618  -0.0390446
          0           0           0           1
[Pose after local map]
   0.999936   0.0102635 -0.00475078   0.0106404
 -0.0103891    0.999575  -0.0272191   0.0414626
  0.0044694   0.0272667    0.999618  -0.0390446
          0           0           0           1
[LocalBA] Using NEON-optimized Dense Solver (matrix size: 0)
[LinearSolverDenseNEON] Initialized with NEON optimization!
[Track] new frame id = 37
[Pose after PnP]
   0.999939   0.0100478 -0.00463056   0.0104745
 -0.0101703    0.999577   -0.027232   0.0414128
 0.00435498   0.0272774    0.999618  -0.0388298
          0           0           0           1
[Pose after motion model]
   0.999939   0.0100478 -0.00463056   0.0104745
 -0.0101703    0.999577   -0.027232   0.0414128
 0.00435498   0.0272774    0.999618  -0.0388298
          0           0           0           1
[Pose after PnP]
   0.999938   0.0100866 -0.00471715   0.0105872
 -0.0102109     0.99958  -0.0271281   0.0413135
 0.00444154   0.0271745    0.999621  -0.0387834
          0           0           0           1
[Pose after local map]
   0.999938   0.0100866 -0.00471715   0.0105872
 -0.0102109     0.99958  -0.0271281   0.0413135
 0.00444154   0.0271745    0.999621  -0.0387834
          0           0           0           1
[Track] new frame id = 38
[Pose after PnP]
   0.999918   0.0107817 -0.00695348  0.00986873
 -0.0109669    0.999571  -0.0271621   0.0421752
 0.00665764   0.0272361    0.999607  -0.0311493
          0           0           0           1
[Pose after motion model]
   0.999918   0.0107817 -0.00695348  0.00986873
 -0.0109669    0.999571  -0.0271621   0.0421752
 0.00665764   0.0272361    0.999607  -0.0311493
          0           0           0           1
[Pose after PnP]
   0.999917   0.0108854 -0.00693286  0.00989509
 -0.0110702    0.999568  -0.0272106   0.0421703
 0.00663367   0.0272851    0.999606  -0.0312436
          0           0           0           1
[Pose after local map]
   0.999917   0.0108854 -0.00693286  0.00989509
 -0.0110702    0.999568  -0.0272106   0.0421703
 0.00663367   0.0272851    0.999606  -0.0312436
          0           0           0           1
[Track] new frame id = 39
[Pose after PnP]
  0.999916  0.0108907 -0.0069711 0.00994218
-0.0110763    0.99957 -0.0271573  0.0420953
0.00667234  0.0272323   0.999607 -0.0312252
         0          0          0          1
[Pose after motion model]
  0.999916  0.0108907 -0.0069711 0.00994218
-0.0110763    0.99957 -0.0271573  0.0420953
0.00667234  0.0272323   0.999607 -0.0312252
         0          0          0          1
[Pose after PnP]
   0.999917   0.0107984 -0.00696137   0.0099016
 -0.0109844    0.999568  -0.0272611   0.0422189
 0.00666399   0.0273353    0.999604  -0.0312092
          0           0           0           1
[Pose after local map]
   0.999917   0.0107984 -0.00696137   0.0099016
 -0.0109844    0.999568  -0.0272611   0.0422189
 0.00666399   0.0273353    0.999604  -0.0312092
          0           0           0           1
[LocalBA] Using NEON-optimized Dense Solver (matrix size: 0)
[LinearSolverDenseNEON] Initialized with NEON optimization!
[Track] new frame id = 40
[Pose after PnP]
   0.999899   0.0113588 -0.00856665  0.00949251
 -0.0115805    0.999587  -0.0262917   0.0417418
 0.00826447   0.0263883    0.999618   -0.024635
          0           0           0           1
[Pose after motion model]
   0.999899   0.0113588 -0.00856665  0.00949251
 -0.0115805    0.999587  -0.0262917   0.0417418
 0.00826447   0.0263883    0.999618   -0.024635
          0           0           0           1
[Pose after PnP]
   0.999898    0.011427 -0.00858471  0.00953072
 -0.0116497    0.999585  -0.0263634   0.0417902
 0.00827989   0.0264607    0.999616  -0.0246354
          0           0           0           1
[Pose after local map]
   0.999898    0.011427 -0.00858471  0.00953072
 -0.0116497    0.999585  -0.0263634   0.0417902
 0.00827989   0.0264607    0.999616  -0.0246354
          0           0           0           1
[Track] new frame id = 41
[Pose after PnP]
  0.999877  0.0120198 -0.0100713 0.00871333
-0.0122841   0.999571 -0.0266047  0.0423948
0.00974718  0.0267252   0.999595 -0.0209067
         0          0          0          1
[Pose after motion model]
  0.999877  0.0120198 -0.0100713 0.00871333
-0.0122841   0.999571 -0.0266047  0.0423948
0.00974718  0.0267252   0.999595 -0.0209067
         0          0          0          1
[Pose after PnP]
   0.999879   0.0119489 -0.00991384   0.0085207
  -0.012213     0.99956  -0.0270242   0.0427775
 0.00958657    0.027142    0.999586  -0.0207138
          0           0           0           1
[Pose after local map]
   0.999879   0.0119489 -0.00991384   0.0085207
  -0.012213     0.99956  -0.0270242   0.0427775
 0.00958657    0.027142    0.999586  -0.0207138
          0           0           0           1
[LocalBA] Using NEON-optimized Dense Solver (matrix size: 0)
[LinearSolverDenseNEON] Initialized with NEON optimization!
[Track] new frame id = 42
[Pose after PnP]
   0.99986  0.0127731 -0.0108341 0.00712671
-0.0130499    0.99958 -0.0258768  0.0424751
  0.010499  0.0260146   0.999606 -0.0170463
         0          0          0          1
[Pose after motion model]
   0.99986  0.0127731 -0.0108341 0.00712671
-0.0130499    0.99958 -0.0258768  0.0424751
  0.010499  0.0260146   0.999606 -0.0170463
         0          0          0          1
[Pose after PnP]
  0.999862  0.0125403 -0.0109073 0.00715919
-0.0128195   0.999582 -0.0259204  0.0425366
 0.0105777  0.0260566   0.999605 -0.0170314
         0          0          0          1
[Pose after local map]
  0.999862  0.0125403 -0.0109073 0.00715919
-0.0128195   0.999582 -0.0259204  0.0425366
 0.0105777  0.0260566   0.999605 -0.0170314
         0          0          0          1
[Track] new frame id = 43
[Pose after PnP]
  0.999841  0.0124438 -0.0127481 0.00613989
-0.0127777   0.999569 -0.0264482  0.0440748
 0.0124134  0.0266069   0.999569 -0.0113749
         0          0          0          1
[Pose after motion model]
  0.999841  0.0124438 -0.0127481 0.00613989
-0.0127777   0.999569 -0.0264482  0.0440748
 0.0124134  0.0266069   0.999569 -0.0113749
         0          0          0          1
[Pose after PnP]
   0.99984  0.0127911 -0.0125337 0.00594544
-0.0131196   0.999563 -0.0264913  0.0440835
 0.0121893  0.0266515    0.99957 -0.0112221
         0          0          0          1
[Pose after local map]
   0.99984  0.0127911 -0.0125337 0.00594544
-0.0131196   0.999563 -0.0264913  0.0440835
 0.0121893  0.0266515    0.99957 -0.0112221
         0          0          0          1
[LocalBA] Using NEON-optimized Dense Solver (matrix size: 0)
[LinearSolverDenseNEON] Initialized with NEON optimization!
[Track] new frame id = 44
[Pose after PnP]
  0.999808   0.013163 -0.0144939 0.00503376
-0.0135442   0.999556 -0.0265212   0.045273
 0.0141383  0.0267124   0.999543 -0.0104358
         0          0          0          1
[Pose after motion model]
  0.999808   0.013163 -0.0144939 0.00503376
-0.0135442   0.999556 -0.0265212   0.045273
 0.0141383  0.0267124   0.999543 -0.0104358
         0          0          0          1
[Pose after PnP]
   0.99981  0.0130097 -0.0145396  0.0050588
-0.0133975   0.999548 -0.0268967  0.0456897
 0.0141831  0.0270864   0.999532 -0.0103961
         0          0          0          1
[Pose after local map]
   0.99981  0.0130097 -0.0145396  0.0050588
-0.0133975   0.999548 -0.0268967  0.0456897
 0.0141831  0.0270864   0.999532 -0.0103961
         0          0          0          1
[Track] new frame id = 45
[Pose after PnP]
    0.99979   0.0133572  -0.0155087  0.00306586
 -0.0137594    0.999564  -0.0261195   0.0472892
   0.015153   0.0263274    0.999539 -0.00441467
          0           0           0           1
[Pose after motion model]
    0.99979   0.0133572  -0.0155087  0.00306586
 -0.0137594    0.999564  -0.0261195   0.0472892
   0.015153   0.0263274    0.999539 -0.00441467
          0           0           0           1
[Pose after PnP]
    0.99979   0.0132504  -0.0156217  0.00319638
 -0.0136516    0.999572  -0.0258661   0.0470684
  0.0152723   0.0260739    0.999543 -0.00460884
          0           0           0           1
[Pose after local map]
    0.99979   0.0132504  -0.0156217  0.00319638
 -0.0136516    0.999572  -0.0258661   0.0470684
  0.0152723   0.0260739    0.999543 -0.00460884
          0           0           0           1
[LocalBA] Using NEON-optimized Dense Solver (matrix size: 0)
[LinearSolverDenseNEON] Initialized with NEON optimization!
[Track] new frame id = 46
[Pose after PnP]
  0.999759  0.0136259 -0.0172149 0.00191885
 -0.014037   0.999614 -0.0239915   0.047653
 0.0168813  0.0242274   0.999564 0.00282766
         0          0          0          1
[Pose after motion model]
  0.999759  0.0136259 -0.0172149 0.00191885
 -0.014037   0.999614 -0.0239915   0.047653
 0.0168813  0.0242274   0.999564 0.00282766
         0          0          0          1
[Pose after PnP]
  0.999758  0.0138543  -0.017115 0.00184162
-0.0142565    0.99962 -0.0236034  0.0472954
 0.0167815  0.0238417   0.999575 0.00284405
         0          0          0          1
[Pose after local map]
  0.999758  0.0138543  -0.017115 0.00184162
-0.0142565    0.99962 -0.0236034  0.0472954
 0.0167815  0.0238417   0.999575 0.00284405
         0          0          0          1
[Track] new frame id = 47
[Pose after PnP]
   0.999725   0.0140246   -0.018771 0.000549914
 -0.0144486    0.999639  -0.0226435    0.048061
  0.0184466   0.0229085    0.999567  0.00667879
          0           0           0           1
[Pose after motion model]
   0.999725   0.0140246   -0.018771 0.000549914
 -0.0144486    0.999639  -0.0226435    0.048061
  0.0184466   0.0229085    0.999567  0.00667879
          0           0           0           1
[Pose after PnP]
   0.999726   0.0142742  -0.0185765 0.000375146
 -0.0146921    0.999638  -0.0225576   0.0478882
  0.0182478   0.0228243    0.999573  0.00655556
          0           0           0           1
[Pose after local map]
   0.999726   0.0142742  -0.0185765 0.000375146
 -0.0146921    0.999638  -0.0225576   0.0478882
  0.0182478   0.0228243    0.999573  0.00655556
          0           0           0           1
[LocalBA] Using NEON-optimized Dense Solver (matrix size: 0)
